semester 1=fall 2=spring,studyweek 1=baseline,"activity % moving (walk, run, bike)",withmask % with a mask,maskincorrect (% without mask or with mask but worn incorrectly),notphysicaldist (% < 6 ft from someone),percentnotcomliantsdmask (% non-compliant with mask wearing and physical distancing),ageover55,percentmale,percentobese,percentnonwhite
2.00,1.00,74.70,75.30,39.60,40.70,18.60,7.10,50.60,20.70,12.50
2.00,2.00,79.40,81.20,30.90,45.90,14.40,2.90,34.40,14.20,6.50
2.00,3.00,68.70,74.90,40.70,56.50,28.40,2.00,41.40,16.50,13.70
2.00,4.00,76.70,84.80,31.80,51.30,21.30,2.30,39.40,19.00,12.80
2.00,5.00,66.80,58.10,52.50,56.40,32.20,2.80,30.90,22.50,9.50
2.00,6.00,82.20,82.20,25.20,40.70,10.70,3.10,37.10,21.70,10.40
2.00,7.00,80.80,69.50,45.70,62.00,30.60,2.40,44.30,17.70,16.20
2.00,8.00,72.00,73.40,43.30,64.30,27.10,7.30,42.60,18.40,10.30
2.00,9.00,70.80,77.10,37.30,48.20,9.30,4.20,37.50,29.20,17.00
2.00,10.00,83.20,69.40,41.30,42.40,15.60,5.20,43.50,30.40,10.70
2.00,11.00,54.30,42.10,69.70,64.40,51.20,4.80,31.00,15.00,9.90
2.00,12.00,65.30,44.30,72.90,58.30,46.80,0.40,37.50,19.60,9.30
2.00,13.00,72.00,56.30,65.60,59.60,39.10,2.10,38.30,17.50,23.20
2.00,14.00,76.90,44.60,76.20,48.50,39.50,7.20,34.30,19.30,5.30
2.00,25.00,66.10,32.20,83.30,70.50,62.40,1.50,31.30,18.80,21.60
2.00,16.00,76.50,33.10,79.70,51.00,41.60,9.40,40.30,25.70,13.50





